8890
13468
5519
4939

4580
3529
2917
1329
4004
3553
5457
1907
2515
4055
4626
3776
1982
2967

10118
2688
4629
3054
3911
6680
6988
6471

2836
7494
7963
8528
8732
1743
4794
1685
1406
2575

7606
11935
4792
7040
8684
1131
3000

5799
4398
3837
2155
1889
5560
6684
2045
1194
1280
4009
6944
4754

3932
10114
9039
10597
6889
5807
8786
5376

5666
8741
2305
3914
4521
6449
6590
5933
2765

1417
3584
3304
5605
6249
3195
5905
5308
3920
2912
4028
2897
4737
6224

4498
6139
6716
9309
6210
4120
6244
9313
3275

5602
4336
5174
4592
3676
6700
1903
4623
5393
3743
2397
5207
3445

2219
3393
4442
5142
4466
6851
1877
4005
4792
1370

11433
10337
11711
4342
6693
2626
6245

10039
11192
7335
13284
13507

1989
5218
4411
4440
3563
1714
3617
3068
1167
1222
3567
3888
2634
2289
3410

3365
5018
3278
3403
4138
4521
1797
3791
1401
3748
6039
1513
2696
